This is a file that has many random numbers from 0 to 32:
9
3
30
4
1
12
22
14
18
16
9
17
17
27
9
11
19
6
27
28
7
12
30
25
4
30
13
28
6
23
7
30
19
18
13
8
3
27
11
6
31
3
26
29
9
24
5
31
29
20
11
28
22
21
5
27
19
13
9
10
28
27
14
18
0
26
16
14
0
24
22
29
18
9
18
22
30
29
9
28
13
15
20
18
4
0
6
16
11
4
16
23
18
27
1
2
22
2
17
29
1
9
3
30
4
1
12
22
14
18
16
9
17
17
27
9
11
19
6
27
28
7
12
30
25
4
30
13
28
6
23
7
30
19
18
13
8
3
27
11
6
31
3
26
29
9
24
5
31
29
20
11
28
22
21
5
27
19
13
9
10
28
27
14
18
0
26
16
14
0
24
22
29
18
9
18
22
30
29
9
28
13
15
20
18
4
0
6
16
11
4
16
23
18
27
1
2
22
2
17
29
1
9
3
30
4
1
12
22
14
18
16
9
17
17
27
9
11
19
6
27
28
7
12
30
25
4
30
13
28
6
23
7
30
19
18
13
8
3
27
11
6
31
3
26
29
9
24
5
31
29
20
11
28
22
21
5
27
19
13
9
10
28
27
14
18
0
26
16
14
0
24
22
29
18
9
18
22
30
29
9
28
13
15
20
18
4
0
6
16
11
4
16
23
18
27
1
2
22
2
17
29
1
8
20
31
1
29
16
27
21
1
11
29
29
16
30
28
29
25
29
9
24
18
18
8
21
28
7
30
5
17
29
2
12
20
21
21
13
26
31
7
27
26
18
5
6
18
11
27
22
5
4
5
23
25
21
6
22
11
6
7
19
7
32
14
27
24
10
31
32
25
10
23
12
17
30
16
5
24
15
6
17
27
17
27
22
12
26
16
17
5
7
15
0
8
4
26
22
14
3
27
8
15
